2.290100812911987305e+00
2.454668045043945312e+00
2.449241638183593750e+00
2.599239349365234375e+00
2.558044672012329102e+00
2.514838457107543945e+00
2.527271747589111328e+00
2.542330265045166016e+00
2.542948722839355469e+00
2.540547370910644531e+00
2.537516355514526367e+00
2.530082225799560547e+00
2.525903224945068359e+00
2.517134904861450195e+00
2.520803928375244141e+00
2.514747142791748047e+00
2.514483451843261719e+00
2.512295246124267578e+00
2.504384994506835938e+00
2.501064777374267578e+00
2.501682758331298828e+00
2.502393245697021484e+00
2.503121376037597656e+00
2.500591754913330078e+00
2.498459339141845703e+00
2.497920036315917969e+00
2.497479915618896484e+00
2.498737096786499023e+00
2.498167753219604492e+00
2.500349283218383789e+00
2.499858140945434570e+00
2.500281572341918945e+00
2.498561382293701172e+00
2.495886325836181641e+00
