7.366274595260620117e-01
6.383564472198486328e-01
7.330014705657958984e-01
8.361875414848327637e-01
8.390710353851318359e-01
8.454071283340454102e-01
8.455756306648254395e-01
8.093676567077636719e-01
8.060683608055114746e-01
7.883951663970947266e-01
7.896685004234313965e-01
7.873920202255249023e-01
7.967557311058044434e-01
7.927882671356201172e-01
7.943781614303588867e-01
7.859069705009460449e-01
7.847120761871337891e-01
7.845906019210815430e-01
7.774234414100646973e-01
7.723488211631774902e-01
7.723084092140197754e-01
7.743360996246337891e-01
7.744112014770507812e-01
7.729851007461547852e-01
7.741886973381042480e-01
7.735280990600585938e-01
7.743402719497680664e-01
7.749900817871093750e-01
7.734461426734924316e-01
7.724922895431518555e-01
7.724888920783996582e-01
7.724428176879882812e-01
7.713451981544494629e-01
7.722217440605163574e-01
